{
 "cells": [
  {
   "cell_type": "code",
   "execution_count": 119,
   "id": "941ea293",
   "metadata": {},
   "outputs": [],
   "source": [
    "import numpy as np"
   ]
  },
  {
   "cell_type": "code",
   "execution_count": 120,
   "id": "c23e3d18",
   "metadata": {},
   "outputs": [],
   "source": [
    "class Upper_Hessenberg_Form:\n",
    "    def __init__(self, matrix):\n",
    "        self.matrix = matrix\n",
    "        self.x_vector = [] # List down x vector each iteration. To be printed out later\n",
    "        self.w_vector = [] # List down w vector each iteration. To be printed out later\n",
    "        self.v_vector = [] # List down v vector each iteration. To be printed out later\n",
    "        self.p_matrix = [] # List down projection matrix each iteration. To be printed out later\n",
    "        self.H_hat_matrix = [] # List down Household Reflector hat each iteration. To be printed out later\n",
    "        self.H_matrix = [] # List down Household Reflector matrices each iteration. To be printed out later\n",
    "        self.similar_matrix_formula = []\n",
    "        self.similar_matrix = []\n",
    "        self.num_rows, self.num_columns = self.GET_MATRIX_ROWS_COLUMNS(matrix)\n",
    "        \n",
    "    def GET_MATRIX_ROWS_COLUMNS(self, matrix):\n",
    "        # Number of rows and columns in the matrix\n",
    "        num_rows, num_cols = matrix.shape\n",
    "        return num_rows, num_cols \n",
    "    \n",
    "    def check_if_Upper_Hessenberg_Form(self, matrix):\n",
    "        # Checks if the matrix is in Upper Hessenberg Form\n",
    "        num_rows, num_columns = matrix.shape\n",
    "\n",
    "        for i in range(num_rows):\n",
    "            for j in range(num_columns):\n",
    "                if i - j > 1 and matrix[i, j] != 0:\n",
    "                    return False\n",
    "\n",
    "        return True\n",
    "\n",
    "    \n",
    "    def Household_Reflector(self):\n",
    "        matrix = self.matrix\n",
    "        \n",
    "        for i in range(self.num_columns):\n",
    "            \n",
    "            # Get x_vector\n",
    "            x_vector = matrix[i+1:, i]\n",
    "            self.x_vector.append(x_vector)\n",
    "            \n",
    "            # Get w_vector\n",
    "            w_vector = np.zeros(len(x_vector))\n",
    "            w_vector[0] = np.linalg.norm(x_vector)\n",
    "            \n",
    "            if x_vector[0] < 0 and w_vector[0] < 0:\n",
    "                w_vector[0] = -1*w_vector[0]\n",
    "            elif x_vector[0] > 0 and w_vector[0] > 0:\n",
    "                w_vector[0] = -1*w_vector[0]\n",
    "                \n",
    "\n",
    "            self.w_vector.append(w_vector)\n",
    "            \n",
    "            # Get v_vector\n",
    "            v_vector = w_vector - x_vector\n",
    "            self.v_vector.append(v_vector)\n",
    "            \n",
    "            # Get P_matrix\n",
    "            p_matrix = np.outer(v_vector, v_vector) / np.dot(v_vector, v_vector)\n",
    "            self.p_matrix.append(p_matrix)\n",
    "            \n",
    "            # Get H hat matrix\n",
    "            H_hat_matrix = np.eye(p_matrix.shape[0]) - 2*p_matrix\n",
    "            self.H_hat_matrix.append(H_hat_matrix)\n",
    "            H_hat_num_columns, H_hat_num_rows = self.GET_MATRIX_ROWS_COLUMNS(H_hat_matrix)\n",
    "            \n",
    "            # Get H matrix\n",
    "            H_matrix = np.eye(self.num_columns)\n",
    "            \n",
    "            # Insert H hat to H matrix\n",
    "            row_start, row_end = i+1, i + 1 + H_hat_num_rows \n",
    "            col_start, col_end = i+1, i + 1 + H_hat_num_columns \n",
    "            \n",
    "            H_matrix[row_start:row_end, col_start:col_end] = H_hat_matrix\n",
    "            self.H_matrix.append(H_matrix)\n",
    "            \n",
    "            # Compute similar matrix\n",
    "            if i == 0:\n",
    "                # Store the formula used \"H1*A*H1\"\n",
    "                formula = \"H1*A*H1\"\n",
    "                self.similar_matrix_formula.append(formula)\n",
    "                \n",
    "                # Do computation H1*A*H1\n",
    "                computation = np.round(H_matrix @ matrix @ H_matrix, 10)\n",
    "                self.similar_matrix.append(computation)\n",
    "            else:\n",
    "                # Store the formula used for H_i+1*(formula)*H_i+1\n",
    "                formula = \"H\" + str(i+1) + \"(\" + self.similar_matrix_formula[i-1] + \")*H\" + str(i+1)\n",
    "                self.similar_matrix_formula.append(formula)\n",
    "                \n",
    "                # Do computation H_i+1*(formula)*H_i+1\n",
    "                computation = np.round(H_matrix @ self.similar_matrix[i-1] @ H_matrix, 10)\n",
    "                self.similar_matrix.append(computation)\n",
    "            \n",
    "            # Updating matrix\n",
    "            matrix = computation \n",
    "            \n",
    "            # Check if matrix is already an upper hessenberg \n",
    "            validation = self.check_if_Upper_Hessenberg_Form(matrix)\n",
    "            \n",
    "            if validation == True:\n",
    "                break\n",
    "                \n",
    "        # return nothing       \n",
    "        return None\n",
    "    def print_household_reflector_computations(self):\n",
    "        \n",
    "        print(\"________SOLUTION_________\")\n",
    "        print(\"\")\n",
    "        print(\"\")\n",
    "        \n",
    "        for i in range(len(self.x_vector)):\n",
    "            print(\"\\033[1mIteration \\033[0m\" + str(i+1) + \":\")\n",
    "            print(\"\\033[1mx vector: \\033[0m\" + str(self.x_vector[i]))\n",
    "            print(\"\\033[1mw vector: \\033[0m\" + str(self.w_vector[i]))\n",
    "            print(\"\\033[1mv vector: \\033[0m\" + str(self.v_vector[i]))\n",
    "            print(\"\")\n",
    "            print(\"\\033[1mP matrix: \\033[0m\")\n",
    "            print(\"\")\n",
    "            print(self.p_matrix[i])\n",
    "            print(\"\")\n",
    "            print(\"\\033[1mH hat matrix: \\033[0m\")\n",
    "            print(\"\")\n",
    "            print(self.H_hat_matrix[i])\n",
    "            print(\"\")\n",
    "            print(\"\\033[1mH matrix: \\033[0m\")\n",
    "            print(\"\")\n",
    "            print(self.H_matrix[i])\n",
    "            print(\"\")\n",
    "            print(\"\\033[1mFormula: \\033[0m\" + str(self.similar_matrix_formula[i]))\n",
    "            print(\"\")\n",
    "            print(\"\\033[1mResulting matrix: \\033[0m\")\n",
    "            print(\"\")\n",
    "            print(self.similar_matrix[i])\n",
    "            print(\"\")\n",
    "            print(\"\")\n",
    "            \n",
    "        return None\n",
    "            \n",
    "    def get_hessenberg_form_matrix(self):\n",
    "        \n",
    "        resulting_matrix = self.Household_Reflector()\n",
    "        validation = self.check_if_Upper_Hessenberg_Form(self.similar_matrix[-1])\n",
    "        \n",
    "        if validation == True:\n",
    "            solution = self.print_household_reflector_computations()\n",
    "            similarity = self.check_similarity_matrix_Hessenberg()\n",
    "            return resulting_matrix\n",
    "        else:\n",
    "            return \"failure to find upper hessenberg form\"\n",
    "        \n",
    "        return None\n",
    "\n",
    "\n",
    "    def check_similarity_matrix_Hessenberg(self):\n",
    "        print(\"\")\n",
    "        print(\"______SIMILARITY TEST______\")\n",
    "\n",
    "        eigenvalues_A = np.linalg.eigvals(self.matrix)\n",
    "        eigenvalues_H = np.linalg.eigvals(self.similar_matrix[-1])\n",
    "        \n",
    "        print(\"\")\n",
    "        print(\"\\033[1mEigenvalues of matrix A: \\033[0m\")\n",
    "        print(\"\")\n",
    "        print(eigenvalues_A)\n",
    "        print(\"\")\n",
    "        print(\"\\033[1mEigenvalues of it's Upper Hessenberg form: \\033[0m\")\n",
    "        print(\"\")\n",
    "        print(eigenvalues_H)\n",
    "        print(\"\")\n",
    "\n",
    "        # Check if the characteristic polynomials are the same\n",
    "\n",
    "        if np.allclose(eigenvalues_A, eigenvalues_H, atol=1e-6):\n",
    "            print(\"\\033[1mSimilarity Result: \\033[0m\" + \"Matrix A and it's upper Hessenberg form H are similar.\")\n",
    "        else:\n",
    "            print(\"\\033[1mSimilarity Result: \\033[0m\" + \"Matrix A and it's upper Hessenberg form H are not similar.\")\n",
    "        \n",
    "        return None"
   ]
  },
  {
   "cell_type": "code",
   "execution_count": 121,
   "id": "52744cb9",
   "metadata": {},
   "outputs": [
    {
     "name": "stdout",
     "output_type": "stream",
     "text": [
      "________SOLUTION_________\n",
      "\n",
      "\n",
      "\u001b[1mIteration \u001b[0m1:\n",
      "\u001b[1mx vector: \u001b[0m[0.95750878 0.21147587 0.5352166  0.96060544 0.51120524]\n",
      "\u001b[1mw vector: \u001b[0m[-1.55951772  0.          0.          0.          0.        ]\n",
      "\u001b[1mv vector: \u001b[0m[-2.5170265  -0.21147587 -0.5352166  -0.96060544 -0.51120524]\n",
      "\n",
      "\u001b[1mP matrix: \u001b[0m\n",
      "\n",
      "[[0.80698875 0.06780169 0.17159683 0.30798157 0.1638985 ]\n",
      " [0.06780169 0.00569657 0.01441725 0.02587604 0.01377045]\n",
      " [0.17159683 0.01441725 0.03648808 0.06548872 0.03485112]\n",
      " [0.30798157 0.02587604 0.06548872 0.117539   0.06255071]\n",
      " [0.1638985  0.01377045 0.03485112 0.06255071 0.0332876 ]]\n",
      "\n",
      "\u001b[1mH hat matrix: \u001b[0m\n",
      "\n",
      "[[-0.61397749 -0.13560338 -0.34319367 -0.61596314 -0.327797  ]\n",
      " [-0.13560338  0.98860686 -0.02883449 -0.05175208 -0.02754089]\n",
      " [-0.34319367 -0.02883449  0.92702383 -0.13097745 -0.06970225]\n",
      " [-0.61596314 -0.05175208 -0.13097745  0.764922   -0.12510142]\n",
      " [-0.327797   -0.02754089 -0.06970225 -0.12510142  0.9334248 ]]\n",
      "\n",
      "\u001b[1mH matrix: \u001b[0m\n",
      "\n",
      "[[ 1.          0.          0.          0.          0.          0.        ]\n",
      " [ 0.         -0.61397749 -0.13560338 -0.34319367 -0.61596314 -0.327797  ]\n",
      " [ 0.         -0.13560338  0.98860686 -0.02883449 -0.05175208 -0.02754089]\n",
      " [ 0.         -0.34319367 -0.02883449  0.92702383 -0.13097745 -0.06970225]\n",
      " [ 0.         -0.61596314 -0.05175208 -0.13097745  0.764922   -0.12510142]\n",
      " [ 0.         -0.327797   -0.02754089 -0.06970225 -0.12510142  0.9334248 ]]\n",
      "\n",
      "\u001b[1mFormula: \u001b[0mH1*A*H1\n",
      "\n",
      "\u001b[1mResulting matrix: \u001b[0m\n",
      "\n",
      "[[ 0.38679939 -1.20233462  0.33844089 -0.35904301 -0.40320244  0.44235712]\n",
      " [-1.55951772  2.37392001 -0.70183233 -0.50913787 -0.18818648 -0.49103348]\n",
      " [ 0.         -0.96592154 -0.18183992 -0.06343715  0.05671353  0.35284519]\n",
      " [ 0.         -0.32324298 -0.23536986  0.04081348  0.22891213  0.12617631]\n",
      " [ 0.         -0.23171601  0.00692331  0.18108336 -0.20628022 -0.56128516]\n",
      " [ 0.         -0.47401963  0.60464786  0.2094615  -0.65539722  0.4645764 ]]\n",
      "\n",
      "\n",
      "\u001b[1mIteration \u001b[0m2:\n",
      "\u001b[1mx vector: \u001b[0m[-0.96592154 -0.32324298 -0.23171601 -0.47401963]\n",
      "\u001b[1mw vector: \u001b[0m[1.14711698 0.         0.         0.        ]\n",
      "\u001b[1mv vector: \u001b[0m[2.11303852 0.32324298 0.23171601 0.47401963]\n",
      "\n",
      "\u001b[1mP matrix: \u001b[0m\n",
      "\n",
      "[[0.92102138 0.14089364 0.10099929 0.20661346]\n",
      " [0.14089364 0.02155327 0.01545041 0.03160678]\n",
      " [0.10099929 0.01545041 0.01107559 0.02265725]\n",
      " [0.20661346 0.03160678 0.02265725 0.04634976]]\n",
      "\n",
      "\u001b[1mH hat matrix: \u001b[0m\n",
      "\n",
      "[[-0.84204276 -0.28178728 -0.20199859 -0.41322693]\n",
      " [-0.28178728  0.95689347 -0.03090082 -0.06321357]\n",
      " [-0.20199859 -0.03090082  0.97784882 -0.0453145 ]\n",
      " [-0.41322693 -0.06321357 -0.0453145   0.90730047]]\n",
      "\n",
      "\u001b[1mH matrix: \u001b[0m\n",
      "\n",
      "[[ 1.          0.          0.          0.          0.          0.        ]\n",
      " [ 0.          1.          0.          0.          0.          0.        ]\n",
      " [ 0.          0.         -0.84204276 -0.28178728 -0.20199859 -0.41322693]\n",
      " [ 0.          0.         -0.28178728  0.95689347 -0.03090082 -0.06321357]\n",
      " [ 0.          0.         -0.20199859 -0.03090082  0.97784882 -0.0453145 ]\n",
      " [ 0.          0.         -0.41322693 -0.06321357 -0.0453145   0.90730047]]\n",
      "\n",
      "\u001b[1mFormula: \u001b[0mH2(H1*A*H1)*H2\n",
      "\n",
      "\u001b[1mResulting matrix: \u001b[0m\n",
      "\n",
      "[[ 0.38679939 -1.20233462 -0.2851555  -0.45443793 -0.47158608  0.30246524]\n",
      " [-1.55951772  2.37392001  0.97536307 -0.25256818 -0.00426507 -0.11478689]\n",
      " [ 0.          1.14711698  0.17917209 -0.04894195  0.22337311 -0.3639316 ]\n",
      " [ 0.         -0.          0.11361972  0.0879695   0.2866211   0.0824273 ]\n",
      " [ 0.         -0.          0.23489196  0.21149042 -0.16734654 -0.59762752]\n",
      " [ 0.         -0.         -0.5906357   0.01747532 -0.7579662   0.01747469]]\n",
      "\n",
      "\n",
      "\u001b[1mIteration \u001b[0m3:\n",
      "\u001b[1mx vector: \u001b[0m[ 0.11361972  0.23489196 -0.5906357 ]\n",
      "\u001b[1mw vector: \u001b[0m[-0.64570443  0.          0.        ]\n",
      "\u001b[1mv vector: \u001b[0m[-0.75932415 -0.23489196  0.5906357 ]\n",
      "\n",
      "\u001b[1mP matrix: \u001b[0m\n",
      "\n",
      "[[ 0.58798121  0.18188815 -0.45735764]\n",
      " [ 0.18188815  0.05626591 -0.1414806 ]\n",
      " [-0.45735764 -0.1414806   0.35575288]]\n",
      "\n",
      "\u001b[1mH hat matrix: \u001b[0m\n",
      "\n",
      "[[-0.17596243 -0.36377629  0.91471527]\n",
      " [-0.36377629  0.88746818  0.28296119]\n",
      " [ 0.91471527  0.28296119  0.28849425]]\n",
      "\n",
      "\u001b[1mH matrix: \u001b[0m\n",
      "\n",
      "[[ 1.          0.          0.          0.          0.          0.        ]\n",
      " [ 0.          1.          0.          0.          0.          0.        ]\n",
      " [ 0.          0.          1.          0.          0.          0.        ]\n",
      " [ 0.          0.          0.         -0.17596243 -0.36377629  0.91471527]\n",
      " [ 0.          0.          0.         -0.36377629  0.88746818  0.28296119]\n",
      " [ 0.          0.          0.          0.91471527  0.28296119  0.28849425]]\n",
      "\n",
      "\u001b[1mFormula: \u001b[0mH3(H2(H1*A*H1)*H2)*H3\n",
      "\n",
      "\u001b[1mResulting matrix: \u001b[0m\n",
      "\n",
      "[[ 0.38679939 -1.20233462 -0.2851555   0.52818541 -0.16761797 -0.4618624 ]\n",
      " [-1.55951772  2.37392001  0.97536307 -0.05900328  0.05561297 -0.26535018]\n",
      " [ 0.          1.14711698  0.17917209 -0.40553969  0.11306193 -0.0865542 ]\n",
      " [ 0.          0.         -0.64570443  0.4620803  -0.51629659 -0.19999368]\n",
      " [ 0.          0.         -0.         -0.36633647 -0.63027078 -0.14551455]\n",
      " [ 0.          0.         -0.         -0.10528252 -0.08137697  0.10628813]]\n",
      "\n",
      "\n",
      "\u001b[1mIteration \u001b[0m4:\n",
      "\u001b[1mx vector: \u001b[0m[-0.36633647 -0.10528252]\n",
      "\u001b[1mw vector: \u001b[0m[0.38116508 0.        ]\n",
      "\u001b[1mv vector: \u001b[0m[0.74750155 0.10528252]\n",
      "\n",
      "\u001b[1mP matrix: \u001b[0m\n",
      "\n",
      "[[0.98054831 0.1381062 ]\n",
      " [0.1381062  0.01945169]]\n",
      "\n",
      "\u001b[1mH hat matrix: \u001b[0m\n",
      "\n",
      "[[-0.96109662 -0.2762124 ]\n",
      " [-0.2762124   0.96109662]]\n",
      "\n",
      "\u001b[1mH matrix: \u001b[0m\n",
      "\n",
      "[[ 1.          0.          0.          0.          0.          0.        ]\n",
      " [ 0.          1.          0.          0.          0.          0.        ]\n",
      " [ 0.          0.          1.          0.          0.          0.        ]\n",
      " [ 0.          0.          0.          1.          0.          0.        ]\n",
      " [ 0.          0.          0.          0.         -0.96109662 -0.2762124 ]\n",
      " [ 0.          0.          0.          0.         -0.2762124   0.96109662]]\n",
      "\n",
      "\u001b[1mFormula: \u001b[0mH4(H3(H2(H1*A*H1)*H2)*H3)*H4\n",
      "\n",
      "\u001b[1mResulting matrix: \u001b[0m\n",
      "\n",
      "[[ 0.38679939 -1.20233462 -0.2851555   0.52818541  0.28866918 -0.39759623]\n",
      " [-1.55951772  2.37392001  0.97536307 -0.05900328  0.01984358 -0.27038815]\n",
      " [ 0.          1.14711698  0.17917209 -0.40553969 -0.08475609 -0.11441605]\n",
      " [ 0.          0.         -0.64570443  0.4620803   0.55145164 -0.04960573]\n",
      " [ 0.          0.          0.          0.38116508 -0.63430845 -0.06732769]\n",
      " [ 0.          0.          0.         -0.         -0.13146527  0.1103258 ]]\n",
      "\n",
      "\n",
      "\n",
      "______SIMILARITY TEST______\n",
      "\n",
      "\u001b[1mEigenvalues of matrix A: \u001b[0m\n",
      "\n",
      "[ 3.42617217+0.j         -0.84760948+0.j         -0.69104626+0.j\n",
      "  0.48015481+0.02963218j  0.48015481-0.02963218j  0.0301631 +0.j        ]\n",
      "\n",
      "\u001b[1mEigenvalues of it's Upper Hessenberg form: \u001b[0m\n",
      "\n",
      "[ 3.42617217+0.j         -0.84760948+0.j         -0.69104626+0.j\n",
      "  0.48015481+0.02963218j  0.48015481-0.02963218j  0.0301631 +0.j        ]\n",
      "\n",
      "\u001b[1mSimilarity Result: \u001b[0mMatrix A and it's upper Hessenberg form H are similar.\n"
     ]
    }
   ],
   "source": [
    "A_matrix = np.random.rand(6,6)\n",
    "\n",
    "Solution = Upper_Hessenberg_Form(A_matrix)\n",
    "Solution.get_hessenberg_form_matrix()"
   ]
  }
 ],
 "metadata": {
  "kernelspec": {
   "display_name": "Python 3 (ipykernel)",
   "language": "python",
   "name": "python3"
  },
  "language_info": {
   "codemirror_mode": {
    "name": "ipython",
    "version": 3
   },
   "file_extension": ".py",
   "mimetype": "text/x-python",
   "name": "python",
   "nbconvert_exporter": "python",
   "pygments_lexer": "ipython3",
   "version": "3.11.5"
  }
 },
 "nbformat": 4,
 "nbformat_minor": 5
}
